# resid rmsf_A
1.000000000000000000e+00 1.037818975707020641e+00
2.000000000000000000e+00 1.494013345071998122e+00
3.000000000000000000e+00 6.307682241432972514e-01
4.000000000000000000e+00 4.562376531962862858e-01
5.000000000000000000e+00 1.282741216474415413e+00
6.000000000000000000e+00 2.999999999999999889e-01
7.000000000000000000e+00 4.269846229173103747e-01
8.000000000000000000e+00 1.072214833844168602e+00
9.000000000000000000e+00 1.632600582862487659e+00
1.000000000000000000e+01 8.858928044128855372e-01
1.100000000000000000e+01 1.161085666932150318e+00
1.200000000000000000e+01 9.129708260923289354e-01
1.300000000000000000e+01 1.075132798801745837e+00
1.400000000000000000e+01 4.049250779896089725e-01
1.500000000000000000e+01 1.205313845400895811e+00
1.600000000000000000e+01 8.694130270883506650e-01
1.700000000000000000e+01 9.859175978403960094e-01
1.800000000000000000e+01 2.999999999999999889e-01
1.900000000000000000e+01 7.799009681390461912e-01
2.000000000000000000e+01 5.247977183766237008e-01
2.100000000000000000e+01 1.450513045729797668e+00
2.200000000000000000e+01 1.187773348097552972e+00
2.300000000000000000e+01 1.296368386113211146e+00
2.400000000000000000e+01 6.265250445892589504e-01
2.500000000000000000e+01 8.080221864207198790e-01
2.600000000000000000e+01 6.499799287806202752e-01
2.700000000000000000e+01 1.439798133973316130e+00
2.800000000000000000e+01 2.999999999999999889e-01
2.900000000000000000e+01 9.095515795399085057e-01
3.000000000000000000e+01 7.810402888258755061e-01
3.100000000000000000e+01 1.180030778461969909e+00
3.200000000000000000e+01 8.947725977955572896e-01
3.300000000000000000e+01 4.790778645000728364e-01
3.400000000000000000e+01 8.774013069893612515e-01
3.500000000000000000e+01 8.805953922204314832e-01
3.600000000000000000e+01 1.032499305116468147e+00
3.700000000000000000e+01 9.662794195383200835e-01
3.800000000000000000e+01 1.493078635274131205e+00
3.900000000000000000e+01 1.115658161673104054e+00
4.000000000000000000e+01 1.336625981523477336e+00
4.100000000000000000e+01 1.293530365953508676e+00
4.200000000000000000e+01 1.176676150895726858e+00
4.300000000000000000e+01 1.076123751621179014e+00
4.400000000000000000e+01 1.150619659362090319e+00
4.500000000000000000e+01 1.047188143581495146e+00
4.600000000000000000e+01 3.272251708944382553e-01
4.700000000000000000e+01 1.401547681591093220e+00
4.800000000000000000e+01 1.373805991150731876e+00
4.900000000000000000e+01 1.218429459610952392e+00
5.000000000000000000e+01 5.147643876686658349e-01
5.100000000000000000e+01 6.826311927801389512e-01
5.200000000000000000e+01 1.254762824378862440e+00
5.300000000000000000e+01 1.213791093870982163e+00
5.400000000000000000e+01 1.057726764270183084e+00
5.500000000000000000e+01 1.309726864887926334e+00
5.600000000000000000e+01 6.277161734741356636e-01
5.700000000000000000e+01 7.538717536906285321e-01
5.800000000000000000e+01 1.022744382722259315e+00
5.900000000000000000e+01 1.373339368623202716e+00
6.000000000000000000e+01 1.069366415287478667e+00
6.100000000000000000e+01 1.052870973233008822e+00
6.200000000000000000e+01 1.322752486635998759e+00
6.300000000000000000e+01 1.166117662815011613e+00
6.400000000000000000e+01 6.316386309570041213e-01
6.500000000000000000e+01 9.051815753070669990e-01
6.600000000000000000e+01 1.141995378205540979e+00
6.700000000000000000e+01 1.388861876631255043e+00
6.800000000000000000e+01 1.001625876644002711e+00
6.900000000000000000e+01 9.327427413483323493e-01
7.000000000000000000e+01 1.064395236555051971e+00
7.100000000000000000e+01 6.984441451120959599e-01
7.200000000000000000e+01 1.395186571205456527e+00
7.300000000000000000e+01 8.520630298829772187e-01
7.400000000000000000e+01 1.262127850358103709e+00
7.500000000000000000e+01 9.252140347788608832e-01
7.600000000000000000e+01 1.011586013895738878e+00
7.700000000000000000e+01 1.199409849262037309e+00
7.800000000000000000e+01 1.485529380578550329e+00
7.900000000000000000e+01 1.358597743743224173e+00
8.000000000000000000e+01 3.319853168950570588e-01
8.100000000000000000e+01 9.023488739518158441e-01
8.200000000000000000e+01 1.185853052892604786e+00
8.300000000000000000e+01 7.076332918511212267e-01
8.400000000000000000e+01 1.218409445554731185e+00
8.500000000000000000e+01 9.791286370462941591e-01
8.600000000000000000e+01 9.631278376330841828e-01
8.700000000000000000e+01 1.584615064370911597e+00
8.800000000000000000e+01 1.074837017002328476e+00
8.900000000000000000e+01 1.107919987583507071e+00
9.000000000000000000e+01 1.225807300076434014e+00
9.100000000000000000e+01 1.265248891515150964e+00
9.200000000000000000e+01 1.330420964683551199e+00
9.300000000000000000e+01 1.007894146625842646e+00
9.400000000000000000e+01 9.456469717232363070e-01
9.500000000000000000e+01 8.884977686530123320e-01
9.600000000000000000e+01 1.230256716506157089e+00
9.700000000000000000e+01 1.580328285699861279e+00
9.800000000000000000e+01 1.305478053560853002e+00
9.900000000000000000e+01 1.281361997798697860e+00
1.000000000000000000e+02 1.271449779154925075e+00
1.010000000000000000e+02 9.860710707460137447e-01
1.020000000000000000e+02 1.362802961918623490e+00
1.030000000000000000e+02 9.010726743525259153e-01
1.040000000000000000e+02 1.314731797544667069e+00
1.050000000000000000e+02 1.584719417727709079e+00
1.060000000000000000e+02 1.020199284290931541e+00
1.070000000000000000e+02 8.950507041953428278e-01
1.080000000000000000e+02 1.250602443901672300e+00
1.090000000000000000e+02 8.629619554375258517e-01
1.100000000000000000e+02 1.107411000030891213e+00
1.110000000000000000e+02 7.561011356929132621e-01
1.120000000000000000e+02 1.809073906782112884e+00
1.130000000000000000e+02 1.167844183154384430e+00
1.140000000000000000e+02 1.267992716295168965e+00
1.150000000000000000e+02 8.168581880373233517e-01
1.160000000000000000e+02 1.252621256345257894e+00
1.170000000000000000e+02 9.036322010230432022e-01
1.180000000000000000e+02 1.324485641526757851e+00
1.190000000000000000e+02 1.812791329447001498e+00
1.200000000000000000e+02 1.366997443122429212e+00
1.210000000000000000e+02 1.469150291516612805e+00
1.220000000000000000e+02 1.349651516891730685e+00
1.230000000000000000e+02 1.311728029232939186e+00
1.240000000000000000e+02 1.302419575017071285e+00
1.250000000000000000e+02 1.293958020572615331e+00
1.260000000000000000e+02 1.307071701758744986e+00
1.270000000000000000e+02 9.183594911768976354e-01
1.280000000000000000e+02 1.639627342702206114e+00
1.290000000000000000e+02 9.258142047171175060e-01
1.300000000000000000e+02 1.106351358344794811e+00
1.310000000000000000e+02 8.162075944880312628e-01
1.320000000000000000e+02 1.167475730519813570e+00
1.330000000000000000e+02 6.106035756589941466e-01
1.340000000000000000e+02 1.183832412977939397e+00
1.350000000000000000e+02 9.181189158640384873e-01
1.360000000000000000e+02 1.149538946456314603e+00
1.370000000000000000e+02 1.251322852353955684e+00
1.380000000000000000e+02 1.175920531356749121e+00
1.390000000000000000e+02 5.931014591713832385e-01
1.400000000000000000e+02 7.818152156049116286e-01
1.410000000000000000e+02 1.441526554611370248e+00
1.420000000000000000e+02 1.407733167252117168e+00
1.430000000000000000e+02 1.302367908766169480e+00
1.440000000000000000e+02 8.831109101528020755e-01
1.450000000000000000e+02 1.257211139876995842e+00
1.460000000000000000e+02 1.208088036724324521e+00
1.470000000000000000e+02 1.120743840587030471e+00
1.480000000000000000e+02 1.483264574719114659e+00
1.490000000000000000e+02 9.027006448375718417e-01
1.500000000000000000e+02 1.062530822786221352e+00
1.510000000000000000e+02 1.374784130955399419e+00
1.520000000000000000e+02 9.242793294588411701e-01
1.530000000000000000e+02 1.564056802519893763e+00
1.540000000000000000e+02 1.175584134683568927e+00
1.550000000000000000e+02 1.482040197241940582e+00
1.560000000000000000e+02 1.054212614813996529e+00
1.570000000000000000e+02 1.005103531173476838e+00
1.580000000000000000e+02 1.288352297506617727e+00
1.590000000000000000e+02 1.873122961956864563e+00
1.600000000000000000e+02 1.525835297513934652e+00
1.610000000000000000e+02 6.723368742744531001e-01
1.620000000000000000e+02 9.424255464729980325e-01
1.630000000000000000e+02 9.899298980974134965e-01
1.640000000000000000e+02 8.043036700479573309e-01
1.650000000000000000e+02 5.317197944077335370e-01
1.660000000000000000e+02 1.273051191993670894e+00
1.670000000000000000e+02 1.548070822055096940e+00
1.680000000000000000e+02 9.703347468851025726e-01
1.690000000000000000e+02 1.454657573164984896e+00
1.700000000000000000e+02 1.168846988479996130e+00
1.710000000000000000e+02 1.303253999122971241e+00
1.720000000000000000e+02 1.351440073179584367e+00
1.730000000000000000e+02 9.035290954768697702e-01
1.740000000000000000e+02 1.469178929515014165e+00
1.750000000000000000e+02 1.141454878242275317e+00
1.760000000000000000e+02 9.625289922524814523e-01
1.770000000000000000e+02 1.146449130136649064e+00
1.780000000000000000e+02 1.782838902425752714e+00
1.790000000000000000e+02 8.998803166437262524e-01
1.800000000000000000e+02 4.797888153546344681e-01
1.810000000000000000e+02 1.019761313440665784e+00
1.820000000000000000e+02 9.319160908358576911e-01
1.830000000000000000e+02 8.792603368371638695e-01
1.840000000000000000e+02 5.647436086772015251e-01
1.850000000000000000e+02 1.237151720749878114e+00
1.860000000000000000e+02 1.131445708259766869e+00
1.870000000000000000e+02 1.276963236149108338e+00
1.880000000000000000e+02 1.190251870172492010e+00
1.890000000000000000e+02 1.558551156044808206e+00
1.900000000000000000e+02 5.869367275871102407e-01
1.910000000000000000e+02 7.024477134620000784e-01
1.920000000000000000e+02 1.110651177392736999e+00
1.930000000000000000e+02 1.225095436438262464e+00
1.940000000000000000e+02 9.270585639402307843e-01
1.950000000000000000e+02 4.971025823717089009e-01
1.960000000000000000e+02 1.141282127202164931e+00
1.970000000000000000e+02 1.213303432200026233e+00
1.980000000000000000e+02 8.887161284122651050e-01
1.990000000000000000e+02 1.089557186926292331e+00
2.000000000000000000e+02 8.877565794876647320e-01
2.010000000000000000e+02 6.262811590849761689e-01
2.020000000000000000e+02 8.713046788154207301e-01
2.030000000000000000e+02 3.202821310014586365e-01
2.040000000000000000e+02 1.497710449768935748e+00
2.050000000000000000e+02 1.135329151634755451e+00
2.060000000000000000e+02 9.921099907715937860e-01
2.070000000000000000e+02 1.317812365439731348e+00
2.080000000000000000e+02 1.064398565217880233e+00
2.090000000000000000e+02 1.086435831009743058e+00
2.100000000000000000e+02 1.015773719682767418e+00
2.110000000000000000e+02 1.102045892316583231e+00
2.120000000000000000e+02 8.828042221425430602e-01
2.130000000000000000e+02 1.178861901586570893e+00
2.140000000000000000e+02 1.052352309043155687e+00
2.150000000000000000e+02 1.279331422095265403e+00
2.160000000000000000e+02 9.067819277149279378e-01
2.170000000000000000e+02 1.149360666418226762e+00
2.180000000000000000e+02 9.758199010016526120e-01
2.190000000000000000e+02 9.740023985477528345e-01
2.200000000000000000e+02 8.122714858418488282e-01
2.210000000000000000e+02 7.829798972489018238e-01
2.220000000000000000e+02 8.841767742857331580e-01
2.230000000000000000e+02 1.224194715882340967e+00
2.240000000000000000e+02 1.288934603027864556e+00
2.250000000000000000e+02 3.821228302064955118e-01
2.260000000000000000e+02 7.685487363335107291e-01
2.270000000000000000e+02 2.999999999999999889e-01
2.280000000000000000e+02 9.906920258106067800e-01
2.290000000000000000e+02 7.663975152853613748e-01
2.300000000000000000e+02 6.853863110999566244e-01
2.310000000000000000e+02 1.701754667152008960e+00
2.320000000000000000e+02 8.952058486092472345e-01
2.330000000000000000e+02 9.523252586573045519e-01
2.340000000000000000e+02 2.999999999999999889e-01
2.350000000000000000e+02 1.360948778406120496e+00
2.360000000000000000e+02 5.738840615777527354e-01
2.370000000000000000e+02 7.813725479904153337e-01
2.380000000000000000e+02 1.118070090657472093e+00
2.390000000000000000e+02 7.249093590367441386e-01
2.400000000000000000e+02 8.802814746395830614e-01
2.410000000000000000e+02 3.528823732947342640e-01
2.420000000000000000e+02 7.181659237983599731e-01
2.430000000000000000e+02 1.388477167430082648e+00
2.440000000000000000e+02 8.759470540807509087e-01
2.450000000000000000e+02 1.310766795304474819e+00
2.460000000000000000e+02 1.192943853614609750e+00
2.470000000000000000e+02 1.302396234248340390e+00
2.480000000000000000e+02 7.649331984923746219e-01
2.490000000000000000e+02 6.367250861415189034e-01
2.500000000000000000e+02 8.487537289608376723e-01
2.510000000000000000e+02 9.435535479190576558e-01
2.520000000000000000e+02 2.999999999999999889e-01
2.530000000000000000e+02 9.194025613006140407e-01
2.540000000000000000e+02 9.107921771738194394e-01
2.550000000000000000e+02 8.583757558627966855e-01
2.560000000000000000e+02 5.202288973648581116e-01
2.570000000000000000e+02 3.362751323990479935e-01
2.580000000000000000e+02 1.206552334916139557e+00
2.590000000000000000e+02 5.599157275281073654e-01
2.600000000000000000e+02 2.999999999999999889e-01
2.610000000000000000e+02 4.777801339215154153e-01
2.620000000000000000e+02 4.893842091146347051e-01
2.630000000000000000e+02 1.091474184018089932e+00
2.640000000000000000e+02 2.999999999999999889e-01
2.650000000000000000e+02 1.059702282128109463e+00
2.660000000000000000e+02 7.081506960102690318e-01
2.670000000000000000e+02 9.450830382818562470e-01
2.680000000000000000e+02 7.102369265993351277e-01
2.690000000000000000e+02 2.999999999999999889e-01
2.700000000000000000e+02 8.821829663067357608e-01
2.710000000000000000e+02 5.118364731938463974e-01
2.720000000000000000e+02 8.711766119474699810e-01
2.730000000000000000e+02 2.999999999999999889e-01
2.740000000000000000e+02 8.513955518671315614e-01
2.750000000000000000e+02 9.405792408987477815e-01
2.760000000000000000e+02 6.484507310466716135e-01
2.770000000000000000e+02 6.376415577068347273e-01
2.780000000000000000e+02 8.090071677650985116e-01
2.790000000000000000e+02 2.999999999999999889e-01
2.800000000000000000e+02 6.309638060963830286e-01
2.810000000000000000e+02 2.999999999999999889e-01
2.820000000000000000e+02 4.689287185708209682e-01
2.830000000000000000e+02 5.656043714553105062e-01
2.840000000000000000e+02 5.495302451299041158e-01
2.850000000000000000e+02 7.788868670237300007e-01
2.860000000000000000e+02 6.732597414891672294e-01
2.870000000000000000e+02 7.110297533271258130e-01
2.880000000000000000e+02 2.999999999999999889e-01
2.890000000000000000e+02 5.518373347219303060e-01
2.900000000000000000e+02 6.933822920399058676e-01
2.910000000000000000e+02 2.999999999999999889e-01
2.920000000000000000e+02 5.862069246846390858e-01
2.930000000000000000e+02 1.026326463535283118e+00
2.940000000000000000e+02 4.572314709647760100e-01
2.950000000000000000e+02 8.577574642388514636e-01
2.960000000000000000e+02 1.133135920419169551e+00
2.970000000000000000e+02 1.083863129273452852e+00
2.980000000000000000e+02 4.811396986566716660e-01
2.990000000000000000e+02 9.085430065795910837e-01
3.000000000000000000e+02 6.517236653770936972e-01
3.010000000000000000e+02 5.459329304894838808e-01
3.020000000000000000e+02 2.999999999999999889e-01
3.030000000000000000e+02 2.999999999999999889e-01
3.040000000000000000e+02 2.999999999999999889e-01
3.050000000000000000e+02 3.682530132803457645e-01
3.060000000000000000e+02 4.455070917679975762e-01
3.070000000000000000e+02 1.097304708677148799e+00
3.080000000000000000e+02 8.551489167734499519e-01
3.090000000000000000e+02 3.930274663019404091e-01
3.100000000000000000e+02 1.041618425729465391e+00
3.110000000000000000e+02 6.397528643690223449e-01
3.120000000000000000e+02 4.555070190248134976e-01
3.130000000000000000e+02 6.948441507843844400e-01
3.140000000000000000e+02 8.412133615562424893e-01
3.150000000000000000e+02 5.602820740500412677e-01
3.160000000000000000e+02 2.999999999999999889e-01
3.170000000000000000e+02 6.632154095046273179e-01
3.180000000000000000e+02 5.640379670607769125e-01
3.190000000000000000e+02 4.176404548996064947e-01
3.200000000000000000e+02 2.999999999999999889e-01
3.210000000000000000e+02 3.357565880609929554e-01
3.220000000000000000e+02 6.943767935452253015e-01
3.230000000000000000e+02 8.040804110620154432e-01
3.240000000000000000e+02 5.363371638691462051e-01
3.250000000000000000e+02 3.380937137557552541e-01
3.260000000000000000e+02 5.239606230378135443e-01
3.270000000000000000e+02 2.999999999999999889e-01
3.280000000000000000e+02 2.999999999999999889e-01
3.290000000000000000e+02 8.000030928181521839e-01
3.300000000000000000e+02 5.523392162719735765e-01
3.310000000000000000e+02 6.525733717287220959e-01
3.320000000000000000e+02 2.999999999999999889e-01
3.330000000000000000e+02 4.769786364240538590e-01
3.340000000000000000e+02 8.072001758068729771e-01
3.350000000000000000e+02 8.065437127592969269e-01
3.360000000000000000e+02 6.492974772658685056e-01
3.370000000000000000e+02 4.607593846436284779e-01
3.380000000000000000e+02 3.045546965956604790e-01
3.390000000000000000e+02 2.999999999999999889e-01
3.400000000000000000e+02 6.826987789835305964e-01
3.410000000000000000e+02 7.823859395879697587e-01
3.420000000000000000e+02 7.847341447028124417e-01
3.430000000000000000e+02 7.763586714780321696e-01
3.440000000000000000e+02 2.999999999999999889e-01
3.450000000000000000e+02 2.999999999999999889e-01
3.460000000000000000e+02 4.368545713566943656e-01
3.470000000000000000e+02 5.079060434887076037e-01
3.480000000000000000e+02 3.500123976309402751e-01
3.490000000000000000e+02 8.169937685095884916e-01
3.500000000000000000e+02 2.999999999999999889e-01
3.510000000000000000e+02 2.999999999999999889e-01
3.520000000000000000e+02 5.127242318026530299e-01
3.530000000000000000e+02 2.999999999999999889e-01
3.540000000000000000e+02 2.999999999999999889e-01
3.550000000000000000e+02 7.017495624693110834e-01
3.560000000000000000e+02 2.999999999999999889e-01
3.570000000000000000e+02 2.999999999999999889e-01
3.580000000000000000e+02 2.999999999999999889e-01
3.590000000000000000e+02 2.999999999999999889e-01
3.600000000000000000e+02 2.999999999999999889e-01
3.610000000000000000e+02 4.358447995931024610e-01
3.620000000000000000e+02 2.999999999999999889e-01
3.630000000000000000e+02 4.913358462285311035e-01
3.640000000000000000e+02 5.108647144077687052e-01
3.650000000000000000e+02 4.597010267825836216e-01
3.660000000000000000e+02 2.999999999999999889e-01
3.670000000000000000e+02 4.426372612490556135e-01
3.680000000000000000e+02 2.999999999999999889e-01
3.690000000000000000e+02 3.448867807481157399e-01
3.700000000000000000e+02 2.999999999999999889e-01
3.710000000000000000e+02 2.999999999999999889e-01
3.720000000000000000e+02 7.237433639892552062e-01
3.730000000000000000e+02 5.355974991280613162e-01
3.740000000000000000e+02 2.999999999999999889e-01
3.750000000000000000e+02 3.562016099144463821e-01
3.760000000000000000e+02 7.577817384255086663e-01
3.770000000000000000e+02 5.608618186885245827e-01
3.780000000000000000e+02 4.091405018245174996e-01
3.790000000000000000e+02 2.999999999999999889e-01
3.800000000000000000e+02 5.554018189632129454e-01
3.810000000000000000e+02 3.858006680077359363e-01
3.820000000000000000e+02 2.999999999999999889e-01
3.830000000000000000e+02 9.149647600095685007e-01
3.840000000000000000e+02 9.807222167246771871e-01
3.850000000000000000e+02 6.337031911945700813e-01
3.860000000000000000e+02 5.097167086072874609e-01
3.870000000000000000e+02 5.015141602817350108e-01
3.880000000000000000e+02 2.999999999999999889e-01
3.890000000000000000e+02 2.999999999999999889e-01
3.900000000000000000e+02 6.471324609539790274e-01
3.910000000000000000e+02 4.420642684856141980e-01
3.920000000000000000e+02 2.999999999999999889e-01
3.930000000000000000e+02 7.615604968338982594e-01
3.940000000000000000e+02 8.130322945149570657e-01
3.950000000000000000e+02 8.977954976340434268e-01
3.960000000000000000e+02 3.174114070586822600e-01
3.970000000000000000e+02 7.058236239052233518e-01
3.980000000000000000e+02 4.791040541046781565e-01
3.990000000000000000e+02 2.999999999999999889e-01
4.000000000000000000e+02 4.685493818160165191e-01
4.010000000000000000e+02 7.613922947587837831e-01
4.020000000000000000e+02 5.023535238593075380e-01
4.030000000000000000e+02 3.126926145262339252e-01
4.040000000000000000e+02 6.550855979701499798e-01
4.050000000000000000e+02 2.999999999999999889e-01
4.060000000000000000e+02 8.932774833915253510e-01
4.070000000000000000e+02 5.019002945114416914e-01
4.080000000000000000e+02 8.585773743910037892e-01
4.090000000000000000e+02 2.999999999999999889e-01
4.100000000000000000e+02 7.764368891287891650e-01
4.110000000000000000e+02 5.009526729925872779e-01
4.120000000000000000e+02 6.280328107497238355e-01
4.130000000000000000e+02 6.369548796343468267e-01
4.140000000000000000e+02 5.898799507670625664e-01
4.150000000000000000e+02 6.100888390470872169e-01
4.160000000000000000e+02 2.999999999999999889e-01
4.170000000000000000e+02 5.223072927046481517e-01
4.180000000000000000e+02 2.999999999999999889e-01
4.190000000000000000e+02 2.999999999999999889e-01
4.200000000000000000e+02 4.168450954347154847e-01
4.210000000000000000e+02 2.999999999999999889e-01
4.220000000000000000e+02 2.999999999999999889e-01
4.230000000000000000e+02 5.993067063012355034e-01
4.240000000000000000e+02 7.798107764668230635e-01
4.250000000000000000e+02 8.015268866085570876e-01
4.260000000000000000e+02 4.241543004902383340e-01
4.270000000000000000e+02 3.070767676670997925e-01
4.280000000000000000e+02 2.999999999999999889e-01
4.290000000000000000e+02 8.727839587925542153e-01
4.300000000000000000e+02 4.058851131544171653e-01
4.310000000000000000e+02 4.605834783944093846e-01
4.320000000000000000e+02 2.999999999999999889e-01
4.330000000000000000e+02 5.604860432373458545e-01
4.340000000000000000e+02 3.215665801627748399e-01
4.350000000000000000e+02 1.222681864707938937e+00
4.360000000000000000e+02 2.999999999999999889e-01
4.370000000000000000e+02 1.017259737585981760e+00
4.380000000000000000e+02 3.627867693069951605e-01
4.390000000000000000e+02 5.692456390932327803e-01
4.400000000000000000e+02 5.800264841547438932e-01
4.410000000000000000e+02 5.568619647453302290e-01
4.420000000000000000e+02 4.134370168351299002e-01
4.430000000000000000e+02 6.244864693761928987e-01
4.440000000000000000e+02 6.274745837006072691e-01
4.450000000000000000e+02 2.999999999999999889e-01
4.460000000000000000e+02 7.319200059291649518e-01
4.470000000000000000e+02 2.999999999999999889e-01
4.480000000000000000e+02 6.927860526438089916e-01
4.490000000000000000e+02 2.999999999999999889e-01
4.500000000000000000e+02 3.982807702307228359e-01
4.510000000000000000e+02 3.709766652176013091e-01
4.520000000000000000e+02 4.866061499597794104e-01
4.530000000000000000e+02 7.822437703657100228e-01
4.540000000000000000e+02 4.054602590528261219e-01
4.550000000000000000e+02 2.999999999999999889e-01
4.560000000000000000e+02 1.019123201697682557e+00
4.570000000000000000e+02 7.786670117164453675e-01
4.580000000000000000e+02 1.139213038940202871e+00
4.590000000000000000e+02 7.700984664242525035e-01
4.600000000000000000e+02 3.674232544742220830e-01
4.610000000000000000e+02 9.521982713903073270e-01
4.620000000000000000e+02 2.999999999999999889e-01
4.630000000000000000e+02 9.405370024535704143e-01
4.640000000000000000e+02 4.493054715074121797e-01
4.650000000000000000e+02 6.479009979012031462e-01
4.660000000000000000e+02 3.043854926888684975e-01
4.670000000000000000e+02 8.511938128167543249e-01
4.680000000000000000e+02 4.334688441496871159e-01
4.690000000000000000e+02 6.269494509708696262e-01
4.700000000000000000e+02 9.817432444156233284e-01
4.710000000000000000e+02 9.374737004109876537e-01
4.720000000000000000e+02 6.319487321778688438e-01
4.730000000000000000e+02 5.302696740136861875e-01
4.740000000000000000e+02 9.738584676539685514e-01
4.750000000000000000e+02 4.322898494708255490e-01
4.760000000000000000e+02 8.727081449604069396e-01
4.770000000000000000e+02 6.254743928198369662e-01
4.780000000000000000e+02 6.224261472826277952e-01
4.790000000000000000e+02 5.739052997521528754e-01
4.800000000000000000e+02 2.999999999999999889e-01
4.810000000000000000e+02 5.527780549865806137e-01
4.820000000000000000e+02 1.023771371821305953e+00
4.830000000000000000e+02 2.999999999999999889e-01
4.840000000000000000e+02 5.157867870288036505e-01
4.850000000000000000e+02 1.127342032118683113e+00
4.860000000000000000e+02 7.407354819182075945e-01
4.870000000000000000e+02 2.999999999999999889e-01
4.880000000000000000e+02 5.333955764175412062e-01
4.890000000000000000e+02 2.999999999999999889e-01
4.900000000000000000e+02 2.999999999999999889e-01
4.910000000000000000e+02 9.843331334579517033e-01
4.920000000000000000e+02 9.552426218490380760e-01
4.930000000000000000e+02 3.080529089864510461e-01
4.940000000000000000e+02 5.032184098517262782e-01
4.950000000000000000e+02 3.775861408491670845e-01
4.960000000000000000e+02 1.191763517287342422e+00
4.970000000000000000e+02 6.796354408941516212e-01
4.980000000000000000e+02 1.417226221292959831e+00
4.990000000000000000e+02 3.473865382599708451e-01
5.000000000000000000e+02 9.063319324473427807e-01
5.010000000000000000e+02 8.076544310978098773e-01
5.020000000000000000e+02 4.339271433584521720e-01
5.030000000000000000e+02 1.143880472120319736e+00
5.040000000000000000e+02 1.118275783857213490e+00
5.050000000000000000e+02 9.481602034604023066e-01
5.060000000000000000e+02 1.156706773756867257e+00
5.070000000000000000e+02 1.197187897778612342e+00
5.080000000000000000e+02 7.411124695399506912e-01
5.090000000000000000e+02 8.364483381588223576e-01
5.100000000000000000e+02 9.448621489251634031e-01
5.110000000000000000e+02 1.902535169481237798e+00
5.120000000000000000e+02 7.147923656756492994e-01
5.130000000000000000e+02 6.498786443968402882e-01
5.140000000000000000e+02 1.118615199163680796e+00
5.150000000000000000e+02 7.742258318087469338e-01
5.160000000000000000e+02 8.831305933401615293e-01
5.170000000000000000e+02 8.736691725383586293e-01
5.180000000000000000e+02 6.007498444837147122e-01
5.190000000000000000e+02 8.976932810577035182e-01
5.200000000000000000e+02 1.192484893075460128e+00
5.210000000000000000e+02 4.278279517483115635e-01
5.220000000000000000e+02 6.098967842750048218e-01
5.230000000000000000e+02 8.699173993670918925e-01
5.240000000000000000e+02 1.126801425605611362e+00
5.250000000000000000e+02 5.877637229184835554e-01
5.260000000000000000e+02 9.285922264175291430e-01
5.270000000000000000e+02 4.388853515728239341e-01
5.280000000000000000e+02 7.601670656355838940e-01
5.290000000000000000e+02 9.001766521413220312e-01
5.300000000000000000e+02 1.128669629319433376e+00
5.310000000000000000e+02 8.940654727545130909e-01
5.320000000000000000e+02 9.839468097820048831e-01
5.330000000000000000e+02 7.716020968403114466e-01
5.340000000000000000e+02 1.389153694281596074e+00
5.350000000000000000e+02 1.421965895290604243e+00
5.360000000000000000e+02 1.083551037617685564e+00
5.370000000000000000e+02 5.956798845478392668e-01
5.380000000000000000e+02 1.497206247156051440e+00
5.390000000000000000e+02 7.547255769012852777e-01
5.400000000000000000e+02 8.275333111061419222e-01
5.410000000000000000e+02 1.201456965464837268e+00
5.420000000000000000e+02 9.954717177743965806e-01
5.430000000000000000e+02 1.040267458353612007e+00
5.440000000000000000e+02 5.346481995454969161e-01
5.450000000000000000e+02 1.188672402505091874e+00
5.460000000000000000e+02 8.894396926196660447e-01
5.470000000000000000e+02 9.017707282892433174e-01
5.480000000000000000e+02 1.187220412541478698e+00
5.490000000000000000e+02 5.229825201538296220e-01
5.500000000000000000e+02 6.632217062745522362e-01
5.510000000000000000e+02 1.014462369979232559e+00
5.520000000000000000e+02 5.415369689352540483e-01
5.530000000000000000e+02 1.582090059953666028e+00
5.540000000000000000e+02 9.577305808309032331e-01
5.550000000000000000e+02 6.500121470556660119e-01
5.560000000000000000e+02 1.442730221399203927e+00
5.570000000000000000e+02 7.048602281308772310e-01
5.580000000000000000e+02 2.999999999999999889e-01
5.590000000000000000e+02 1.522127429095559092e+00
5.600000000000000000e+02 9.141428850378590099e-01
5.610000000000000000e+02 6.088297591814141319e-01
5.620000000000000000e+02 1.310456610019947954e+00
5.630000000000000000e+02 1.149066688266175307e+00
5.640000000000000000e+02 1.506020379985060442e+00
5.650000000000000000e+02 8.241607927770859821e-01
5.660000000000000000e+02 6.055631662810140314e-01
5.670000000000000000e+02 1.277527389274669689e+00
5.680000000000000000e+02 8.759317697266275626e-01
5.690000000000000000e+02 1.295369254583104812e+00
5.700000000000000000e+02 1.478358785289470179e+00
5.710000000000000000e+02 1.284000100899432173e+00
5.720000000000000000e+02 7.283398100248472673e-01
5.730000000000000000e+02 1.424178017230445903e+00
5.740000000000000000e+02 1.428099452023948279e+00
5.750000000000000000e+02 1.253608752290145789e+00
5.760000000000000000e+02 9.528515121267173704e-01
5.770000000000000000e+02 9.506890560343648211e-01
5.780000000000000000e+02 1.650692005148836516e+00
5.790000000000000000e+02 1.053477557633021533e+00
5.800000000000000000e+02 8.294190235548686285e-01
5.810000000000000000e+02 1.409016404750683460e+00
5.820000000000000000e+02 1.059276032073737772e+00
5.830000000000000000e+02 1.288450090088679501e+00
5.840000000000000000e+02 1.157256631690579685e+00
5.850000000000000000e+02 1.381966820250544181e+00
5.860000000000000000e+02 9.646876690462700132e-01
5.870000000000000000e+02 1.611694613551752253e+00
5.880000000000000000e+02 1.444844273923155065e+00
5.890000000000000000e+02 4.457350445923230486e-01
5.900000000000000000e+02 1.435544170756136939e+00
5.910000000000000000e+02 1.200670059105358067e+00
5.920000000000000000e+02 1.366477317998501251e+00
5.930000000000000000e+02 1.023793710305142213e+00
5.940000000000000000e+02 1.531400347996155986e+00
5.950000000000000000e+02 8.164081527856534848e-01
5.960000000000000000e+02 1.515062453821538702e+00
5.970000000000000000e+02 1.260293570584027023e+00
5.980000000000000000e+02 1.298483971961274630e+00
5.990000000000000000e+02 1.544533706775843562e+00
6.000000000000000000e+02 1.025323562012681933e+00
6.010000000000000000e+02 1.349179773450103870e+00
6.020000000000000000e+02 1.032143145734694123e+00
6.030000000000000000e+02 9.624561471648193089e-01
6.040000000000000000e+02 8.955134516589355886e-01
6.050000000000000000e+02 9.633550887309396682e-01
6.060000000000000000e+02 1.066469685195539974e+00
6.070000000000000000e+02 1.265923889901315658e+00
6.080000000000000000e+02 5.408487297644402059e-01
6.090000000000000000e+02 1.017926913436790537e+00
6.100000000000000000e+02 1.272259568057296564e+00
6.110000000000000000e+02 1.118394997150579773e+00
6.120000000000000000e+02 8.752277350041119952e-01
6.130000000000000000e+02 1.258499246092647184e+00
6.140000000000000000e+02 1.061632093932715959e+00
6.150000000000000000e+02 7.811454420478789462e-01
6.160000000000000000e+02 1.332099001742985234e+00
6.170000000000000000e+02 1.478417894540518418e+00
6.180000000000000000e+02 1.424545864600148093e+00
6.190000000000000000e+02 1.660064484876653035e+00
6.200000000000000000e+02 1.674162707607025125e+00
6.210000000000000000e+02 8.081430200277590625e-01
6.220000000000000000e+02 9.549224741158178764e-01
6.230000000000000000e+02 1.130970187879494881e+00
6.240000000000000000e+02 1.447135772126551867e+00
6.250000000000000000e+02 1.041746427881765413e+00
6.260000000000000000e+02 1.170370427550200265e+00
6.270000000000000000e+02 1.322057047465684310e+00
6.280000000000000000e+02 1.513405389890617903e+00
6.290000000000000000e+02 1.119743590921373766e+00
6.300000000000000000e+02 1.284121750592903233e+00
6.310000000000000000e+02 1.404298834013168573e+00
6.320000000000000000e+02 1.111460168464042830e+00
6.330000000000000000e+02 2.016379982331109488e+00
6.340000000000000000e+02 9.736868357202470570e-01
6.350000000000000000e+02 8.069410380453378995e-01
6.360000000000000000e+02 1.606901333414918920e+00
6.370000000000000000e+02 9.803154085843421850e-01
6.380000000000000000e+02 1.442871970131220705e+00
6.390000000000000000e+02 9.593299789677699474e-01
6.400000000000000000e+02 1.240331676677665973e+00
6.410000000000000000e+02 1.324544861300096743e+00
6.420000000000000000e+02 1.197291797186966988e+00
6.430000000000000000e+02 1.061351096947819483e+00
6.440000000000000000e+02 1.014109606876520742e+00
6.450000000000000000e+02 1.090899320939954675e+00
6.460000000000000000e+02 1.191896369665012445e+00
6.470000000000000000e+02 1.426998455094821372e+00
6.480000000000000000e+02 1.460668547536385198e+00
6.490000000000000000e+02 1.338986125531046012e+00
6.500000000000000000e+02 1.598880686546377605e+00
6.510000000000000000e+02 1.280751104286742326e+00
6.520000000000000000e+02 1.322984421082693762e+00
6.530000000000000000e+02 8.687975256460180873e-01
6.540000000000000000e+02 1.157504771207804817e+00
6.550000000000000000e+02 1.212144041297533725e+00
6.560000000000000000e+02 6.013486866022189625e-01
6.570000000000000000e+02 1.875956666576409138e+00
6.580000000000000000e+02 1.602275188417063401e+00
6.590000000000000000e+02 8.337474656893517633e-01
6.600000000000000000e+02 1.258831958343995971e+00
6.610000000000000000e+02 1.315504752466701399e+00
6.620000000000000000e+02 1.337823567096672273e+00
6.630000000000000000e+02 6.243085818635402129e-01
6.640000000000000000e+02 7.204546145999024542e-01
6.650000000000000000e+02 1.146398227432439798e+00
6.660000000000000000e+02 9.579678149689555555e-01
6.670000000000000000e+02 1.277578845045671097e+00
6.680000000000000000e+02 1.611642940175418204e+00
6.690000000000000000e+02 6.976818900775104693e-01
6.700000000000000000e+02 1.446679513494467217e+00
6.710000000000000000e+02 9.382554302776606736e-01
6.720000000000000000e+02 8.204318554418466025e-01
6.730000000000000000e+02 1.344740807895203227e+00
6.740000000000000000e+02 1.073646614387999243e+00
6.750000000000000000e+02 7.096125546702134468e-01
6.760000000000000000e+02 1.897160013975319526e+00
6.770000000000000000e+02 1.299076366316452624e+00
6.780000000000000000e+02 8.137556580720248789e-01
6.790000000000000000e+02 1.118999467397843839e+00
6.800000000000000000e+02 1.184675274982912141e+00
6.810000000000000000e+02 1.144160973301635797e+00
6.820000000000000000e+02 8.613470399382938680e-01
6.830000000000000000e+02 1.011507798530540514e+00
6.840000000000000000e+02 1.422056980984766295e+00
6.850000000000000000e+02 5.123738416388483596e-01
6.860000000000000000e+02 1.410179594158899929e+00
6.870000000000000000e+02 9.592634599644758175e-01
6.880000000000000000e+02 1.253194915803442555e+00
6.890000000000000000e+02 8.328409370066963691e-01
6.900000000000000000e+02 1.446067236954804658e+00
6.910000000000000000e+02 1.372977695221336836e+00
6.920000000000000000e+02 1.313307170527777235e+00
6.930000000000000000e+02 9.628670964583192493e-01
6.940000000000000000e+02 1.246897655369531455e+00
6.950000000000000000e+02 1.654294482608742012e+00
6.960000000000000000e+02 1.121813133466443624e+00
6.970000000000000000e+02 1.549820906045439761e+00
6.980000000000000000e+02 6.547536903345954062e-01
6.990000000000000000e+02 7.891374122118997025e-01
7.000000000000000000e+02 1.033057285995318875e+00
7.010000000000000000e+02 1.150458759540310405e+00
7.020000000000000000e+02 6.918156511349795590e-01
7.030000000000000000e+02 1.144104004949523690e+00
7.040000000000000000e+02 1.154994005288377146e+00
7.050000000000000000e+02 7.115268978034268166e-01
7.060000000000000000e+02 9.177374357002535676e-01
7.070000000000000000e+02 1.150690733367670804e+00
7.080000000000000000e+02 1.413479234336368462e+00
7.090000000000000000e+02 9.404901831258355438e-01
7.100000000000000000e+02 1.001696861940482686e+00
7.110000000000000000e+02 1.143600395323559393e+00
7.120000000000000000e+02 7.673601564389170848e-01
7.130000000000000000e+02 1.477384749994449464e+00
7.140000000000000000e+02 5.031639147792716926e-01
7.150000000000000000e+02 1.047191606557500432e+00
7.160000000000000000e+02 6.644138030532684702e-01
7.170000000000000000e+02 5.825538541257812009e-01
7.180000000000000000e+02 9.417409058962120660e-01
7.190000000000000000e+02 7.169172064451707627e-01
7.200000000000000000e+02 1.092188790217408112e+00
7.210000000000000000e+02 2.999999999999999889e-01
7.220000000000000000e+02 9.048198715389472735e-01
7.230000000000000000e+02 1.205415353589152527e+00
7.240000000000000000e+02 1.074377095167447171e+00
7.250000000000000000e+02 1.010940914756464082e+00
7.260000000000000000e+02 8.440098865931365824e-01
7.270000000000000000e+02 1.622596348239078168e+00
7.280000000000000000e+02 1.020679736607111643e+00
7.290000000000000000e+02 1.021203888056144482e+00
7.300000000000000000e+02 9.860967849491237835e-01
7.310000000000000000e+02 1.076524825457841228e+00
7.320000000000000000e+02 8.424558143593765536e-01
7.330000000000000000e+02 5.996224977986677196e-01
7.340000000000000000e+02 6.055825326555963617e-01
7.350000000000000000e+02 1.038640010351370879e+00
7.360000000000000000e+02 1.024164044439288990e+00
7.370000000000000000e+02 8.584560525384757890e-01
7.380000000000000000e+02 7.834291456213573479e-01
7.390000000000000000e+02 4.134226125760463999e-01
7.400000000000000000e+02 1.079135423168819052e+00
7.410000000000000000e+02 7.045113776059868105e-01
7.420000000000000000e+02 1.270648165214782521e+00
7.430000000000000000e+02 9.218063094459335582e-01
7.440000000000000000e+02 8.854732787763395230e-01
7.450000000000000000e+02 9.807146726240261181e-01
7.460000000000000000e+02 7.201429710924223127e-01
7.470000000000000000e+02 6.423939033503368590e-01
7.480000000000000000e+02 1.136169494283136627e+00
7.490000000000000000e+02 1.247715320723995491e+00
7.500000000000000000e+02 5.635084143841377902e-01
7.510000000000000000e+02 7.217387526459604352e-01
7.520000000000000000e+02 5.495416414519246340e-01
7.530000000000000000e+02 6.598584163022788163e-01
7.540000000000000000e+02 7.113674505968484718e-01
7.550000000000000000e+02 9.607193815611836385e-01
7.560000000000000000e+02 2.999999999999999889e-01
7.570000000000000000e+02 5.301557941327341705e-01
7.580000000000000000e+02 5.242744774037799704e-01
7.590000000000000000e+02 4.769337203432394978e-01
7.600000000000000000e+02 9.213688145198630775e-01
7.610000000000000000e+02 3.708831926546239388e-01
7.620000000000000000e+02 6.279556172351935528e-01
7.630000000000000000e+02 6.743660280707574062e-01
7.640000000000000000e+02 5.834379710243359218e-01
7.650000000000000000e+02 2.999999999999999889e-01
7.660000000000000000e+02 6.492770844886797121e-01
7.670000000000000000e+02 4.992187211322995921e-01
7.680000000000000000e+02 5.926004595335798708e-01
7.690000000000000000e+02 2.999999999999999889e-01
7.700000000000000000e+02 3.099517390524840765e-01
7.710000000000000000e+02 7.814591690255283662e-01
7.720000000000000000e+02 2.999999999999999889e-01
7.730000000000000000e+02 3.329729884954960029e-01
7.740000000000000000e+02 1.314979134530291915e+00
7.750000000000000000e+02 1.308696514705113279e+00
7.760000000000000000e+02 7.770542230344088530e-01
7.770000000000000000e+02 1.014722862939224424e+00
7.780000000000000000e+02 9.849150633603205307e-01
7.790000000000000000e+02 6.914794674049719037e-01
7.800000000000000000e+02 1.173712761279247507e+00
7.810000000000000000e+02 1.097050695930332997e+00
7.820000000000000000e+02 7.700725407297681624e-01
7.830000000000000000e+02 1.191297469075878412e+00
7.840000000000000000e+02 6.274581451767133888e-01
7.850000000000000000e+02 7.380328029795624190e-01
7.860000000000000000e+02 1.010013067651936325e+00
7.870000000000000000e+02 3.196320749887280877e-01
7.880000000000000000e+02 5.267020645354884012e-01
7.890000000000000000e+02 7.568368819339128528e-01
7.900000000000000000e+02 5.506462647733371130e-01
7.910000000000000000e+02 4.918840846665641919e-01
7.920000000000000000e+02 6.841077766003599292e-01
7.930000000000000000e+02 3.628639431732183507e-01
7.940000000000000000e+02 8.047268284599868871e-01
7.950000000000000000e+02 8.945400873446418544e-01
7.960000000000000000e+02 5.105084852164997189e-01
7.970000000000000000e+02 2.999999999999999889e-01
7.980000000000000000e+02 2.999999999999999889e-01
7.990000000000000000e+02 3.226744495446163263e-01
8.000000000000000000e+02 9.530144330889699367e-01
8.010000000000000000e+02 6.579892167316859775e-01
8.020000000000000000e+02 2.999999999999999889e-01
8.030000000000000000e+02 3.842925213947635532e-01
8.040000000000000000e+02 5.529259913239186197e-01
8.050000000000000000e+02 4.795813586785545590e-01
8.060000000000000000e+02 4.493122284917663301e-01
8.070000000000000000e+02 7.688847006715353594e-01
8.080000000000000000e+02 5.420647647872588459e-01
8.090000000000000000e+02 4.342619538506958810e-01
8.100000000000000000e+02 5.363781528127148368e-01
8.110000000000000000e+02 3.368132016305289689e-01
8.120000000000000000e+02 6.599946094426049070e-01
8.130000000000000000e+02 2.999999999999999889e-01
8.140000000000000000e+02 4.868412484497661730e-01
8.150000000000000000e+02 4.934778503197005950e-01
8.160000000000000000e+02 6.916241519113163205e-01
8.170000000000000000e+02 5.723157739630055918e-01
8.180000000000000000e+02 2.999999999999999889e-01
8.190000000000000000e+02 6.035881886578715605e-01
8.200000000000000000e+02 8.868997419953204009e-01
8.210000000000000000e+02 2.999999999999999889e-01
8.220000000000000000e+02 3.352307643293481743e-01
8.230000000000000000e+02 6.597958461382340545e-01
8.240000000000000000e+02 2.999999999999999889e-01
8.250000000000000000e+02 8.925677643611773515e-01
8.260000000000000000e+02 2.999999999999999889e-01
8.270000000000000000e+02 4.363976731159976419e-01
8.280000000000000000e+02 5.868740481935025288e-01
8.290000000000000000e+02 7.234843489904484448e-01
8.300000000000000000e+02 9.445440331490913000e-01
8.310000000000000000e+02 3.177668153325529654e-01
8.320000000000000000e+02 6.892745415946737175e-01
8.330000000000000000e+02 2.999999999999999889e-01
8.340000000000000000e+02 5.562566503179154909e-01
8.350000000000000000e+02 5.223986236481942269e-01
8.360000000000000000e+02 3.003637654286955838e-01
8.370000000000000000e+02 6.804402279628283257e-01
8.380000000000000000e+02 4.294962951245978044e-01
8.390000000000000000e+02 2.999999999999999889e-01
8.400000000000000000e+02 3.707171524499505710e-01
8.410000000000000000e+02 5.316236550431597818e-01
8.420000000000000000e+02 7.758928877813717762e-01
8.430000000000000000e+02 2.999999999999999889e-01
8.440000000000000000e+02 2.999999999999999889e-01
8.450000000000000000e+02 9.063552262828388217e-01
8.460000000000000000e+02 6.536571766486884982e-01
8.470000000000000000e+02 7.071350435845860094e-01
8.480000000000000000e+02 7.249400917217270202e-01
8.490000000000000000e+02 2.999999999999999889e-01
8.500000000000000000e+02 6.689623895564249523e-01
8.510000000000000000e+02 3.491386776587516172e-01
8.520000000000000000e+02 2.999999999999999889e-01
8.530000000000000000e+02 3.586440757381810229e-01
8.540000000000000000e+02 2.999999999999999889e-01
8.550000000000000000e+02 2.999999999999999889e-01
8.560000000000000000e+02 7.499685163945819522e-01
8.570000000000000000e+02 4.206923375793926723e-01
8.580000000000000000e+02 2.999999999999999889e-01
8.590000000000000000e+02 5.511691929390568623e-01
8.600000000000000000e+02 4.026058667149947090e-01
8.610000000000000000e+02 7.072800355989201648e-01
8.620000000000000000e+02 2.999999999999999889e-01
8.630000000000000000e+02 7.519729576320997033e-01
8.640000000000000000e+02 6.145851032809259706e-01
8.650000000000000000e+02 6.094854082260494632e-01
8.660000000000000000e+02 7.674666668793704849e-01
8.670000000000000000e+02 5.316372690398772916e-01
8.680000000000000000e+02 3.423623823958433787e-01
8.690000000000000000e+02 3.165794831660433961e-01
8.700000000000000000e+02 5.072576518492225572e-01
8.710000000000000000e+02 2.999999999999999889e-01
8.720000000000000000e+02 2.999999999999999889e-01
8.730000000000000000e+02 4.126068632945278369e-01
8.740000000000000000e+02 4.774387165814957257e-01
8.750000000000000000e+02 2.999999999999999889e-01
8.760000000000000000e+02 3.276668178142810861e-01
8.770000000000000000e+02 5.170282756489353870e-01
8.780000000000000000e+02 2.999999999999999889e-01
8.790000000000000000e+02 2.999999999999999889e-01
8.800000000000000000e+02 7.722879577454045963e-01
8.810000000000000000e+02 7.428934825261199748e-01
8.820000000000000000e+02 6.338012784680484568e-01
8.830000000000000000e+02 6.818154751840540539e-01
8.840000000000000000e+02 2.999999999999999889e-01
8.850000000000000000e+02 2.999999999999999889e-01
8.860000000000000000e+02 2.999999999999999889e-01
8.870000000000000000e+02 6.928985950867683208e-01
8.880000000000000000e+02 1.090195981562955829e+00
8.890000000000000000e+02 2.999999999999999889e-01
8.900000000000000000e+02 7.138709825672719944e-01
8.910000000000000000e+02 5.240194830338307241e-01
8.920000000000000000e+02 6.876272240382895751e-01
8.930000000000000000e+02 2.999999999999999889e-01
8.940000000000000000e+02 2.999999999999999889e-01
8.950000000000000000e+02 4.285743605397567824e-01
8.960000000000000000e+02 6.496785844575994062e-01
8.970000000000000000e+02 8.263253244187716007e-01
8.980000000000000000e+02 3.569807358695575861e-01
8.990000000000000000e+02 2.999999999999999889e-01
9.000000000000000000e+02 3.585135928787503978e-01
9.010000000000000000e+02 2.999999999999999889e-01
9.020000000000000000e+02 6.989052154469106437e-01
9.030000000000000000e+02 7.302168679774809767e-01
9.040000000000000000e+02 1.094383328417908308e+00
9.050000000000000000e+02 3.951352817186887245e-01
9.060000000000000000e+02 4.447267708965796928e-01
9.070000000000000000e+02 4.833679174579509907e-01
9.080000000000000000e+02 4.225941309241221244e-01
9.090000000000000000e+02 2.999999999999999889e-01
9.100000000000000000e+02 2.999999999999999889e-01
9.110000000000000000e+02 8.777682406399534010e-01
9.120000000000000000e+02 2.999999999999999889e-01
9.130000000000000000e+02 2.999999999999999889e-01
9.140000000000000000e+02 3.611623227112369938e-01
9.150000000000000000e+02 2.999999999999999889e-01
9.160000000000000000e+02 2.999999999999999889e-01
9.170000000000000000e+02 8.880339013885953925e-01
9.180000000000000000e+02 5.030165801154209415e-01
9.190000000000000000e+02 4.020438557109277111e-01
9.200000000000000000e+02 7.649028350102273777e-01
9.210000000000000000e+02 3.799043890128446233e-01
9.220000000000000000e+02 4.547734431241190478e-01
9.230000000000000000e+02 6.860813509368018925e-01
9.240000000000000000e+02 2.999999999999999889e-01
9.250000000000000000e+02 5.609017740609278935e-01
9.260000000000000000e+02 7.691193152938462507e-01
9.270000000000000000e+02 6.207872806522843900e-01
9.280000000000000000e+02 2.999999999999999889e-01
9.290000000000000000e+02 2.999999999999999889e-01
9.300000000000000000e+02 9.639267692936891452e-01
9.310000000000000000e+02 1.333317755321230980e+00
9.320000000000000000e+02 5.557333783329354571e-01
9.330000000000000000e+02 2.999999999999999889e-01
9.340000000000000000e+02 8.542003500338236632e-01
9.350000000000000000e+02 4.831805932378039348e-01
9.360000000000000000e+02 2.999999999999999889e-01
9.370000000000000000e+02 4.565299747011973275e-01
9.380000000000000000e+02 5.900358885567483780e-01
9.390000000000000000e+02 2.999999999999999889e-01
9.400000000000000000e+02 3.805602720367997627e-01
9.410000000000000000e+02 2.999999999999999889e-01
9.420000000000000000e+02 2.999999999999999889e-01
9.430000000000000000e+02 2.999999999999999889e-01
9.440000000000000000e+02 2.999999999999999889e-01
9.450000000000000000e+02 6.119837152661775637e-01
9.460000000000000000e+02 5.711351747632128495e-01
9.470000000000000000e+02 2.999999999999999889e-01
9.480000000000000000e+02 4.305087943238469217e-01
9.490000000000000000e+02 2.999999999999999889e-01
9.500000000000000000e+02 2.999999999999999889e-01
9.510000000000000000e+02 6.886083320045071066e-01
9.520000000000000000e+02 1.293032826856689299e+00
9.530000000000000000e+02 4.820544663337917868e-01
9.540000000000000000e+02 2.999999999999999889e-01
9.550000000000000000e+02 7.285256139330136271e-01
9.560000000000000000e+02 2.999999999999999889e-01
9.570000000000000000e+02 4.653285947499641306e-01
9.580000000000000000e+02 4.391328810588714937e-01
9.590000000000000000e+02 1.010900536463511967e+00
9.600000000000000000e+02 8.374235013430386676e-01
9.610000000000000000e+02 3.774576127872048548e-01
9.620000000000000000e+02 4.761493185277826390e-01
9.630000000000000000e+02 5.398511025804763053e-01
9.640000000000000000e+02 1.110576178465445096e+00
9.650000000000000000e+02 1.155216135161676982e+00
9.660000000000000000e+02 7.241801319298540873e-01
9.670000000000000000e+02 7.173294304211979000e-01
9.680000000000000000e+02 3.755963052667400381e-01
9.690000000000000000e+02 4.323578923481021796e-01
9.700000000000000000e+02 4.981548426898491089e-01
9.710000000000000000e+02 7.290239758332144326e-01
9.720000000000000000e+02 6.680064061605824888e-01
9.730000000000000000e+02 5.462388891462022222e-01
9.740000000000000000e+02 1.164699925114642376e+00
9.750000000000000000e+02 2.999999999999999889e-01
9.760000000000000000e+02 6.069057978186430669e-01
9.770000000000000000e+02 4.995520102021740461e-01
9.780000000000000000e+02 7.022155148698305815e-01
9.790000000000000000e+02 9.346794119452697114e-01
9.800000000000000000e+02 2.999999999999999889e-01
9.810000000000000000e+02 1.043599466089326189e+00
9.820000000000000000e+02 2.999999999999999889e-01
9.830000000000000000e+02 2.999999999999999889e-01
9.840000000000000000e+02 7.181422360770178814e-01
9.850000000000000000e+02 4.000159017009362605e-01
9.860000000000000000e+02 1.097801010985835823e+00
9.870000000000000000e+02 4.405011515926827714e-01
9.880000000000000000e+02 9.073218160372933383e-01
9.890000000000000000e+02 1.391665733933383997e+00
9.900000000000000000e+02 3.155224900869322835e-01
9.910000000000000000e+02 7.120874007099647907e-01
9.920000000000000000e+02 8.860236933749301436e-01
9.930000000000000000e+02 8.526122482223983390e-01
9.940000000000000000e+02 4.564297989694873214e-01
9.950000000000000000e+02 1.094068238010830640e+00
9.960000000000000000e+02 2.999999999999999889e-01
9.970000000000000000e+02 6.984699224857886524e-01
9.980000000000000000e+02 5.788318086199754076e-01
9.990000000000000000e+02 1.137029282934065133e+00
1.000000000000000000e+03 1.368008684297477462e+00
1.001000000000000000e+03 4.729025567717230483e-01
1.002000000000000000e+03 2.999999999999999889e-01
1.003000000000000000e+03 4.847928912870803075e-01
1.004000000000000000e+03 1.118556739269025879e+00
1.005000000000000000e+03 5.761878303558676251e-01
1.006000000000000000e+03 7.936659760159147092e-01
1.007000000000000000e+03 1.616096301693899395e+00
1.008000000000000000e+03 8.965421238110898861e-01
1.009000000000000000e+03 7.511307762479783046e-01
1.010000000000000000e+03 7.516592575625733463e-01
1.011000000000000000e+03 9.178364257553381922e-01
1.012000000000000000e+03 5.870895722669478012e-01
1.013000000000000000e+03 6.506862056312430198e-01
1.014000000000000000e+03 1.353761400587928376e+00
1.015000000000000000e+03 8.665717839632779418e-01
1.016000000000000000e+03 9.735459977615623650e-01
1.017000000000000000e+03 9.369673456752924956e-01
1.018000000000000000e+03 7.068092464782976814e-01
1.019000000000000000e+03 8.843072059968952736e-01
1.020000000000000000e+03 1.004176499908947973e+00
1.021000000000000000e+03 1.095965635266436644e+00
1.022000000000000000e+03 1.052212353014683632e+00
1.023000000000000000e+03 7.074772178244933540e-01
1.024000000000000000e+03 1.203847549148136187e+00
1.025000000000000000e+03 6.235206079960005088e-01
1.026000000000000000e+03 7.877655483788125190e-01
1.027000000000000000e+03 3.384396258982490524e-01
1.028000000000000000e+03 1.036619725865392416e+00
1.029000000000000000e+03 1.166543833476091585e+00
1.030000000000000000e+03 1.160547739820390278e+00
1.031000000000000000e+03 9.323418752259485798e-01
1.032000000000000000e+03 1.019611176109010087e+00
1.033000000000000000e+03 5.320360701080262267e-01
1.034000000000000000e+03 8.945917961310314581e-01
1.035000000000000000e+03 1.154714046411676964e+00
1.036000000000000000e+03 1.082319529146060777e+00
1.037000000000000000e+03 1.148214722047894876e+00
1.038000000000000000e+03 1.078574935713455973e+00
1.039000000000000000e+03 1.046849475034157484e+00
1.040000000000000000e+03 1.349081799365162038e+00
1.041000000000000000e+03 1.593738947302061781e+00
1.042000000000000000e+03 8.448758313418067711e-01
1.043000000000000000e+03 1.130536346291590277e+00
1.044000000000000000e+03 1.069339477873841204e+00
1.045000000000000000e+03 1.169867930010882073e+00
1.046000000000000000e+03 8.871333007325712394e-01
1.047000000000000000e+03 8.537639133246492928e-01
1.048000000000000000e+03 6.696882404463655458e-01
1.049000000000000000e+03 8.305479647185269876e-01
1.050000000000000000e+03 1.122938652864928111e+00
1.051000000000000000e+03 1.170771482050862122e+00
1.052000000000000000e+03 1.529833141166711652e+00
1.053000000000000000e+03 6.785100960678995818e-01
1.054000000000000000e+03 5.819948217262076451e-01
1.055000000000000000e+03 1.477754913739157017e+00
1.056000000000000000e+03 6.928435571047837360e-01
1.057000000000000000e+03 5.609281909269516753e-01
1.058000000000000000e+03 6.424448167413054911e-01
1.059000000000000000e+03 1.209609095871257978e+00
1.060000000000000000e+03 1.066404925219418987e+00
1.061000000000000000e+03 9.040095001977866973e-01
1.062000000000000000e+03 9.943289514440110111e-01
1.063000000000000000e+03 1.234797962341700472e+00
1.064000000000000000e+03 1.222933503071425676e+00
1.065000000000000000e+03 1.282554371275034022e+00
1.066000000000000000e+03 1.148782343925986549e+00
1.067000000000000000e+03 1.076354374988586660e+00
1.068000000000000000e+03 1.253569139333398974e+00
1.069000000000000000e+03 6.983573583495531478e-01
1.070000000000000000e+03 9.511502206880179111e-01
1.071000000000000000e+03 1.410644103642855640e+00
1.072000000000000000e+03 6.998038970635407363e-01
1.073000000000000000e+03 1.315171686871256629e+00
1.074000000000000000e+03 1.162096750982461346e+00
1.075000000000000000e+03 1.012885673179939161e+00
1.076000000000000000e+03 1.275023269282411498e+00
1.077000000000000000e+03 1.293767330119699244e+00
1.078000000000000000e+03 6.979454128556850101e-01
1.079000000000000000e+03 9.057486109214429870e-01
1.080000000000000000e+03 9.735587309123423516e-01
1.081000000000000000e+03 7.199133890158038174e-01
1.082000000000000000e+03 7.983412628768942199e-01
1.083000000000000000e+03 1.414762199969700873e+00
1.084000000000000000e+03 1.402179451920115616e+00
1.085000000000000000e+03 1.007009210099996999e+00
1.086000000000000000e+03 1.417996367929464263e+00
1.087000000000000000e+03 1.617051357845534110e+00
1.088000000000000000e+03 9.066225308709368047e-01
1.089000000000000000e+03 9.849252683494006400e-01
1.090000000000000000e+03 1.431325170197074614e+00
1.091000000000000000e+03 1.322092384652095332e+00
1.092000000000000000e+03 1.266198710245771464e+00
1.093000000000000000e+03 1.326057235750436769e+00
1.094000000000000000e+03 1.210909279890336032e+00
1.095000000000000000e+03 8.717017480128446127e-01
1.096000000000000000e+03 8.734617341769791432e-01
1.097000000000000000e+03 1.038751940356970271e+00
1.098000000000000000e+03 7.286428487723258796e-01
1.099000000000000000e+03 1.094294640556041198e+00
1.100000000000000000e+03 8.508522928967404697e-01
1.101000000000000000e+03 9.796931213783526271e-01
1.102000000000000000e+03 1.353425288281428829e+00
1.103000000000000000e+03 1.042609168523192187e+00
1.104000000000000000e+03 7.310065754750504352e-01
1.105000000000000000e+03 1.761061654469610271e+00
1.106000000000000000e+03 1.634248264618145763e+00
1.107000000000000000e+03 1.123246570308683134e+00
1.108000000000000000e+03 1.146120528344160006e+00
1.109000000000000000e+03 1.043701860239743651e+00
1.110000000000000000e+03 1.806350135118728106e+00
1.111000000000000000e+03 1.759208802639563807e+00
1.112000000000000000e+03 1.090188447098624502e+00
1.113000000000000000e+03 1.846418044650687929e+00
1.114000000000000000e+03 1.551747530877149117e+00
1.115000000000000000e+03 1.487160486847212582e+00
1.116000000000000000e+03 1.472961829990816263e+00
1.117000000000000000e+03 1.027649294115746459e+00
1.118000000000000000e+03 6.606945758538707025e-01
1.119000000000000000e+03 1.763854849522589863e+00
1.120000000000000000e+03 1.262256575939050052e+00
1.121000000000000000e+03 7.949965611126776910e-01
1.122000000000000000e+03 1.253597265694017082e+00
1.123000000000000000e+03 1.763481872143023210e+00
1.124000000000000000e+03 1.200436681402894612e+00
1.125000000000000000e+03 1.225810013309059032e+00
1.126000000000000000e+03 1.053249608253798764e+00
1.127000000000000000e+03 1.441004018082213456e+00
1.128000000000000000e+03 1.250590997429695150e+00
1.129000000000000000e+03 1.677237429358758192e+00
1.130000000000000000e+03 1.435199780904081512e+00
1.131000000000000000e+03 1.281447206122472648e+00
1.132000000000000000e+03 1.289067784583836529e+00
1.133000000000000000e+03 6.885703193481944595e-01
1.134000000000000000e+03 1.148672978421715785e+00
1.135000000000000000e+03 1.225447463795387382e+00
1.136000000000000000e+03 2.999999999999999889e-01
1.137000000000000000e+03 1.000976403554638683e+00
1.138000000000000000e+03 1.565095533849293119e+00
1.139000000000000000e+03 1.187553632325235142e+00
1.140000000000000000e+03 1.314212303456760322e+00
1.141000000000000000e+03 1.250756775021238498e+00
1.142000000000000000e+03 1.123426279409878603e+00
1.143000000000000000e+03 8.067636620243174850e-01
1.144000000000000000e+03 5.983567630276183102e-01
1.145000000000000000e+03 7.810531035141031753e-01
1.146000000000000000e+03 1.315153509175629454e+00
1.147000000000000000e+03 8.192280558148653524e-01
1.148000000000000000e+03 1.194593668188205449e+00
1.149000000000000000e+03 1.214937684626289149e+00
1.150000000000000000e+03 1.583048254577376523e+00
1.151000000000000000e+03 1.446344980858264240e+00
1.152000000000000000e+03 1.340297443478493333e+00
1.153000000000000000e+03 1.055688228678354434e+00
1.154000000000000000e+03 1.275550607932199654e+00
1.155000000000000000e+03 1.372389801699178014e+00
1.156000000000000000e+03 1.251392974528465096e+00
1.157000000000000000e+03 1.302510048423486611e+00
1.158000000000000000e+03 1.374722026066298675e+00
1.159000000000000000e+03 1.174905519726529901e+00
1.160000000000000000e+03 1.100226970963170015e+00
1.161000000000000000e+03 1.235973361032747464e+00
1.162000000000000000e+03 1.403447474428863861e+00
1.163000000000000000e+03 7.547153919362658003e-01
1.164000000000000000e+03 1.154803149745934565e+00
1.165000000000000000e+03 7.299890841524723228e-01
1.166000000000000000e+03 1.146328944792638138e+00
1.167000000000000000e+03 1.019816735425094878e+00
1.168000000000000000e+03 1.454015634943368607e+00
1.169000000000000000e+03 1.295383891288566014e+00
1.170000000000000000e+03 1.519008108246844513e+00
1.171000000000000000e+03 1.572072283549847960e+00
1.172000000000000000e+03 7.991756070494868691e-01
1.173000000000000000e+03 1.237175396870334509e+00
1.174000000000000000e+03 9.489067992873926327e-01
1.175000000000000000e+03 1.271060844012183555e+00
1.176000000000000000e+03 7.752785970977085217e-01
1.177000000000000000e+03 1.301284804564959652e+00
1.178000000000000000e+03 1.446066022156497599e+00
1.179000000000000000e+03 8.570890388277043748e-01
1.180000000000000000e+03 9.386151891344531872e-01
1.181000000000000000e+03 1.271159552061001285e+00
1.182000000000000000e+03 1.016486048387646335e+00
1.183000000000000000e+03 1.004743698976678035e+00
1.184000000000000000e+03 1.462773393966803281e+00
1.185000000000000000e+03 1.004230624954626450e+00
1.186000000000000000e+03 1.234420398670227348e+00
1.187000000000000000e+03 5.006339494183943417e-01
1.188000000000000000e+03 9.717672426936397878e-01
1.189000000000000000e+03 8.414887448885819410e-01
1.190000000000000000e+03 5.774709949821896782e-01
1.191000000000000000e+03 1.126993947604606916e+00
1.192000000000000000e+03 7.462731452506309315e-01
1.193000000000000000e+03 1.350527851898655429e+00
1.194000000000000000e+03 9.861443154050688609e-01
1.195000000000000000e+03 1.461612168323258798e+00
1.196000000000000000e+03 1.217214676137701623e+00
1.197000000000000000e+03 1.342511313182403354e+00
1.198000000000000000e+03 7.465329796511686045e-01
1.199000000000000000e+03 1.382821128122673882e+00
1.200000000000000000e+03 1.540573963913392408e+00
1.201000000000000000e+03 1.467789062595273641e+00
1.202000000000000000e+03 1.199614651116623021e+00
1.203000000000000000e+03 5.550145612433381448e-01
1.204000000000000000e+03 1.469145229908739969e+00
1.205000000000000000e+03 2.999999999999999889e-01
1.206000000000000000e+03 1.516824341226090223e+00
1.207000000000000000e+03 1.216279658307839462e+00
1.208000000000000000e+03 1.365139815566797310e+00
1.209000000000000000e+03 1.256810374725737978e+00
1.210000000000000000e+03 1.318964135680524841e+00
1.211000000000000000e+03 1.105785103675741787e+00
1.212000000000000000e+03 6.624740329242271297e-01
1.213000000000000000e+03 9.136822229519896421e-01
1.214000000000000000e+03 1.167921593162356331e+00
1.215000000000000000e+03 1.229246371540018146e+00
1.216000000000000000e+03 1.203972160752808662e+00
1.217000000000000000e+03 8.745890335151597084e-01
1.218000000000000000e+03 1.006681365007330964e+00
1.219000000000000000e+03 6.741141643635732983e-01
1.220000000000000000e+03 1.031444939751188672e+00
1.221000000000000000e+03 9.427811833891998061e-01
1.222000000000000000e+03 1.208471829927883601e+00
1.223000000000000000e+03 1.008238812588816646e+00
1.224000000000000000e+03 8.952877994211436707e-01
1.225000000000000000e+03 1.123820460792469555e+00
1.226000000000000000e+03 1.514974912647845340e+00
1.227000000000000000e+03 2.999999999999999889e-01
1.228000000000000000e+03 6.000845487916381948e-01
1.229000000000000000e+03 1.037948531623797521e+00
1.230000000000000000e+03 7.319227570735704624e-01
1.231000000000000000e+03 9.640252872851481358e-01
1.232000000000000000e+03 9.684392372223333822e-01
1.233000000000000000e+03 6.482213227142654688e-01
1.234000000000000000e+03 6.404046184169387423e-01
1.235000000000000000e+03 5.636328293301746672e-01
1.236000000000000000e+03 1.082421937329517636e+00
1.237000000000000000e+03 6.750524588908151102e-01
1.238000000000000000e+03 8.963073151814009432e-01
1.239000000000000000e+03 5.386392569255997742e-01
1.240000000000000000e+03 9.177464681060653051e-01
1.241000000000000000e+03 1.100804323686232156e+00
1.242000000000000000e+03 9.386530277510782838e-01
1.243000000000000000e+03 9.519221488534952424e-01
1.244000000000000000e+03 1.040363837633564659e+00
1.245000000000000000e+03 8.658591668865445179e-01
1.246000000000000000e+03 5.963446053699819061e-01
1.247000000000000000e+03 8.997225144375041728e-01
1.248000000000000000e+03 1.055525043470072921e+00
1.249000000000000000e+03 1.162192191200857483e+00
1.250000000000000000e+03 1.361196057260033454e+00
1.251000000000000000e+03 9.782228101492260741e-01
1.252000000000000000e+03 5.669407298024817798e-01
1.253000000000000000e+03 8.082041642301260875e-01
1.254000000000000000e+03 3.609763700756041249e-01
1.255000000000000000e+03 1.040869976279059639e+00
1.256000000000000000e+03 8.538317881988194413e-01
1.257000000000000000e+03 9.975054843887158906e-01
1.258000000000000000e+03 5.233910824680523266e-01
1.259000000000000000e+03 1.281511865602808387e+00
1.260000000000000000e+03 9.105322469429619758e-01
1.261000000000000000e+03 5.819756803922475630e-01
1.262000000000000000e+03 2.999999999999999889e-01
1.263000000000000000e+03 8.534890660529906858e-01
1.264000000000000000e+03 1.016975143193250775e+00
1.265000000000000000e+03 8.521903317637523623e-01
1.266000000000000000e+03 7.173642188979107992e-01
1.267000000000000000e+03 5.872306488843288541e-01
1.268000000000000000e+03 1.237947607640493608e+00
1.269000000000000000e+03 7.958424561189346713e-01
1.270000000000000000e+03 8.318834232583161015e-01
1.271000000000000000e+03 3.603535945917077377e-01
1.272000000000000000e+03 6.588499823278133327e-01
1.273000000000000000e+03 6.998009469113150027e-01
1.274000000000000000e+03 1.175629619979155160e+00
1.275000000000000000e+03 9.034269261279711527e-01
1.276000000000000000e+03 2.999999999999999889e-01
1.277000000000000000e+03 9.110075546620755027e-01
1.278000000000000000e+03 2.999999999999999889e-01
1.279000000000000000e+03 1.026082910998488806e+00
1.280000000000000000e+03 6.036352695714556349e-01
1.281000000000000000e+03 1.012056262685481212e+00
1.282000000000000000e+03 9.334225965529643343e-01
1.283000000000000000e+03 7.062236300140183332e-01
1.284000000000000000e+03 6.341524291862321583e-01
1.285000000000000000e+03 7.320558140443884643e-01
1.286000000000000000e+03 8.168587729366182382e-01
1.287000000000000000e+03 7.857628360409452117e-01
1.288000000000000000e+03 9.386499442513545066e-01
1.289000000000000000e+03 1.057052239608670119e+00
1.290000000000000000e+03 4.529106518584494756e-01
1.291000000000000000e+03 1.183232400265439299e+00
1.292000000000000000e+03 6.170814852942690942e-01
1.293000000000000000e+03 7.769410037236164079e-01
1.294000000000000000e+03 7.310870567543030774e-01
1.295000000000000000e+03 2.999999999999999889e-01
1.296000000000000000e+03 6.258833593245400895e-01
1.297000000000000000e+03 8.543674116975089605e-01
1.298000000000000000e+03 6.006109729828764676e-01
1.299000000000000000e+03 2.999999999999999889e-01
1.300000000000000000e+03 7.977855988664106501e-01
